언니 0.29310344827586204 0.08620689655172414 0.017241379310344827 0.15517241379310345 0.017241379310344827 0.3275862068965517 0.10344827586206896
동생 0.22727272727272727 0.22727272727272727 0.022727272727272728 0.20454545454545456 0.13636363636363635 0.11363636363636363 0.06818181818181818
으로 0.1292270531400966 0.10386473429951691 0.1793478260869565 0.10144927536231885 0.14673913043478262 0.17330917874396135 0.16606280193236714
부르 0.13793103448275862 0.10344827586206896 0.12643678160919541 0.11494252873563218 0.16091954022988506 0.13793103448275862 0.21839080459770116
는 0.14621587486641408 0.13125425046147868 0.15185077236957156 0.1274652676576314 0.14961624404935392 0.11629262605654328 0.1773049645390071
것 0.17195385724585435 0.1110310021629416 0.16294160057678442 0.15392934390771448 0.14023071377072818 0.08904109589041095 0.17087238644556596
이 0.1461253354918417 0.1715162101137477 0.15417713969241256 0.1239296212669876 0.13253525326971413 0.10599412090486943 0.16572231926042688
맞 0.19607843137254902 0.1786492374727669 0.12418300653594772 0.1111111111111111 0.15904139433551198 0.06318082788671024 0.16775599128540306
일 0.20404040404040405 0.1595959595959596 0.10606060606060606 0.19797979797979798 0.08686868686868687 0.14444444444444443 0.10101010101010101
ᆫ가 0.2657218777679362 0.28255093002657217 0.09211691762621789 0.07617360496014172 0.15943312666076173 0.026572187776793623 0.09743135518157661
요 0.3439922480620155 0.16279069767441862 0.04844961240310078 0.20833333333333334 0.08042635658914729 0.11531007751937984 0.040697674418604654
.? 0.4753623188405797 0.263768115942029 0.020289855072463767 0.11304347826086956 0.0782608695652174 0.005797101449275362 0.043478260869565216
그냥 0.14754098360655737 0.08743169398907104 0.1766848816029144 0.17304189435336975 0.14754098360655737 0.07650273224043716 0.1912568306010929
나 0.15262483994878362 0.14852752880921896 0.15672215108834828 0.18950064020486557 0.11293213828425096 0.08886043533930858 0.15083226632522406
의 0.09379785604900459 0.12901990811638592 0.14777947932618682 0.12901990811638592 0.14548238897396631 0.20405819295558958 0.15084226646248086
느낌 0.24742268041237114 0.12371134020618557 0.010309278350515464 0.1958762886597938 0.1958762886597938 0.16494845360824742 0.061855670103092786
ᆯ 0.18732840549102428 0.10834213305174234 0.13706441393875396 0.150791974656811 0.141921858500528 0.11172122492080254 0.1628299894403379
뿐 0.0949367088607595 0.12025316455696203 0.10126582278481013 0.1962025316455696 0.17088607594936708 0.08227848101265822 0.23417721518987342
겠 0.21436114044350582 0.07444561774023231 0.117740232312566 0.18954593453009505 0.1525871172122492 0.08764519535374868 0.16367476240760295
지 0.12436715826546335 0.11534228483381026 0.17543473475676866 0.13493286374642308 0.14769975786924938 0.08914813999559762 0.21307506053268765
? 0.23089430894308943 0.3305691056910569 0.12406504065040651 0.054634146341463415 0.1167479674796748 0.02796747967479675 0.1151219512195122
아직 0.19473684210526315 0.2236842105263158 0.12894736842105264 0.19473684210526315 0.07368421052631578 0.06315789473684211 0.12105263157894737
너무 0.162203519510329 0.05814843152257077 0.042081101759755164 0.34889058913542464 0.032134659525631215 0.2899770466717674 0.0665646518745218
초기 0.5 0.0 0.1 0.2 0.1 0.1 0.0
라서 0.3269230769230769 0.09615384615384616 0.11538461538461539 0.20192307692307693 0.057692307692307696 0.07692307692307693 0.125
그런 0.3069306930693069 0.13366336633663367 0.12376237623762376 0.16336633663366337 0.07920792079207921 0.06930693069306931 0.12376237623762376
거 0.19710906701708278 0.1800262812089356 0.12965396408234778 0.133377135348226 0.14388961892247043 0.0683311432325887 0.14761279018834866
죠 0.41064638783269963 0.11787072243346007 0.043726235741444866 0.20342205323193915 0.09125475285171103 0.0741444866920152 0.058935361216730035
유치원 0.29411764705882354 0.23529411764705882 0.23529411764705882 0.17647058823529413 0.0 0.058823529411764705 0.0
버스 0.21212121212121213 0.2727272727272727 0.09090909090909091 0.12121212121212122 0.06060606060606061 0.030303030303030304 0.21212121212121213
사고 0.2727272727272727 0.18181818181818182 0.10909090909090909 0.1 0.19090909090909092 0.01818181818181818 0.12727272727272726
엇 0.16267942583732056 0.22009569377990432 0.11004784688995216 0.18660287081339713 0.07894736842105263 0.11004784688995216 0.13157894736842105
다던데 0.23809523809523808 0.47619047619047616 0.047619047619047616 0.14285714285714285 0.0 0.0 0.09523809523809523
근데 0.24336283185840707 0.2676991150442478 0.05309734513274336 0.2234513274336283 0.10176991150442478 0.05530973451327434 0.05530973451327434
원래 0.22772277227722773 0.22772277227722773 0.039603960396039604 0.1782178217821782 0.15841584158415842 0.039603960396039604 0.12871287128712872
이런 0.16510903426791276 0.19937694704049844 0.21806853582554517 0.1261682242990654 0.07165109034267912 0.06074766355140187 0.1588785046728972
나요 0.47102803738317756 0.20186915887850468 0.048598130841121495 0.1383177570093458 0.08037383177570094 0.013084112149532711 0.04672897196261682
남자 0.22417582417582418 0.1978021978021978 0.07472527472527472 0.25274725274725274 0.07912087912087912 0.09010989010989011 0.08131868131868132
친구 0.3099273607748184 0.13317191283292978 0.05084745762711865 0.3704600484261501 0.024213075060532687 0.06537530266343826 0.04600484261501211
가 0.18128578865174388 0.15773034877667882 0.1353461738677772 0.15057261842790212 0.1333940655908381 0.10072878709005727 0.1409422175950026
떠나 0.14705882352941177 0.10294117647058823 0.19117647058823528 0.20588235294117646 0.07352941176470588 0.10294117647058823 0.17647058823529413
ᆯ까 0.4142581888246628 0.12716763005780346 0.05973025048169557 0.1676300578034682 0.11946050096339114 0.02697495183044316 0.08477842003853564
보 0.1537598204264871 0.1501122334455668 0.10662177328843996 0.14225589225589225 0.127665544332211 0.18434343434343434 0.13524130190796857
어요 0.18839285714285714 0.06473214285714286 0.027678571428571427 0.2754464285714286 0.03705357142857143 0.37589285714285714 0.03080357142857143
이거 0.25384615384615383 0.25384615384615383 0.1282051282051282 0.04871794871794872 0.11282051282051282 0.07179487179487179 0.13076923076923078
하 0.16517297870290065 0.10147441457068516 0.1527898236484533 0.14137033824804857 0.12142237640936687 0.16242652018887926 0.15534354823166618
었 0.1058977338756537 0.19683323649041254 0.11040092969203952 0.15862870424171993 0.11533991865194654 0.18448576409064496 0.1284137129575828
는데 0.23633998265394623 0.15741543798785776 0.07892454466608846 0.2541196877710321 0.09106678230702515 0.0971379011274935 0.08499566348655681
허리 0.2 0.12 0.12 0.4 0.04 0.12 0.0
아프 0.1774891774891775 0.04329004329004329 0.017316017316017316 0.6796536796536796 0.021645021645021644 0.03463203463203463 0.025974025974025976
수 0.21057786483839372 0.13222331047992164 0.09598432908912831 0.16356513222331048 0.12830558276199805 0.1665034280117532 0.10284035259549461
도 0.15018706574024585 0.13219312310707287 0.13896312132549438 0.17477284874398719 0.11900944236593622 0.12613575628006413 0.15873864243719935
있 0.18319928507596067 0.1483467381590706 0.118558236520703 0.1373249925528746 0.13523979743818887 0.14983616324098897 0.12749478701221328
; 0.47297297297297297 0.2606177606177606 0.04054054054054054 0.09652509652509653 0.052123552123552123 0.021235521235521235 0.055984555984555984
불안 0.8357142857142857 0.0 0.02857142857142857 0.07857142857142857 0.02142857142857143 0.014285714285714285 0.02142857142857143
어서 0.1994502138057422 0.0824679291386683 0.12125839951130116 0.21227855833842393 0.09773976786805132 0.1579108124618204 0.12889431887599268
꾸 0.16666666666666666 0.25 0.0 0.16666666666666666 0.0 0.08333333333333333 0.3333333333333333
. 0.1551796032644308 0.1290284148448204 0.12825400607613033 0.18704950259129088 0.11300411032346458 0.1389170191219396 0.14856734377792338
주일 0.37037037037037035 0.25925925925925924 0.0 0.2222222222222222 0.037037037037037035 0.07407407407407407 0.037037037037037035
안 0.18898867629832097 0.11597032409215151 0.14564623194064819 0.20070285044904335 0.12846544318625536 0.0417805544709098 0.17844591956267083
남 0.15772870662460567 0.10725552050473186 0.15457413249211358 0.14511041009463724 0.13564668769716087 0.11987381703470032 0.17981072555205047
다 0.09211541428791853 0.12374633544206141 0.1868538805739855 0.1266779817929332 0.13300416602376178 0.14719950624903563 0.19040271563030398
ᆼ 0.12682926829268293 0.14146341463414633 0.07804878048780488 0.1024390243902439 0.1073170731707317 0.3804878048780488 0.06341463414634146
ㅠ 0.2307221542227662 0.04222766217870257 0.01346389228886169 0.5507955936352509 0.016523867809057527 0.1266829865361077 0.019583843329253364
약 0.11764705882352941 0.14705882352941177 0.20588235294117646 0.16176470588235295 0.11764705882352941 0.058823529411764705 0.19117647058823528
은 0.11650804069576633 0.11437479488021005 0.16360354446997047 0.11700032819166394 0.15293731539218905 0.13964555300295373 0.19593042336724648
최대한 0.16666666666666666 0.0 0.0 0.16666666666666666 0.16666666666666666 0.16666666666666666 0.3333333333333333
먹 0.13411458333333334 0.10807291666666667 0.16536458333333334 0.19791666666666666 0.140625 0.08203125 0.171875
으려고 0.13333333333333333 0.03333333333333333 0.26666666666666666 0.26666666666666666 0.1 0.03333333333333333 0.16666666666666666
데 0.17523364485981308 0.15654205607476634 0.1425233644859813 0.18457943925233644 0.11682242990654206 0.0630841121495327 0.16121495327102803
좋 0.14590163934426228 0.05 0.04836065573770492 0.15245901639344261 0.09918032786885246 0.4180327868852459 0.0860655737704918
음 0.1355463347164592 0.14661134163208853 0.08575380359612725 0.10926694329183956 0.19363762102351315 0.18672199170124482 0.14246196403872752
시 0.13341804320203304 0.08449809402795426 0.08132147395171538 0.10864040660736976 0.08132147395171538 0.4218551461245235 0.08894536213468869
0 0.471976401179941 0.11504424778761062 0.029498525073746312 0.30973451327433627 0.0 0.061946902654867256 0.011799410029498525
구직 0.5 0.0 0.0 0.5 0.0 0.0 0.0
활동 0.14 0.16 0.04 0.02 0.12 0.42 0.1
면서 0.11165048543689321 0.08980582524271845 0.17718446601941748 0.16262135922330098 0.09951456310679611 0.1650485436893204 0.1941747572815534
시간 0.15819209039548024 0.15254237288135594 0.09322033898305085 0.2768361581920904 0.1016949152542373 0.1016949152542373 0.11581920903954802
뭐 0.21104185218165628 0.18165627782724844 0.16028495102404275 0.10596616206589493 0.12555654496883348 0.03294746215494212 0.182546749777382
ᆯ로 0.23529411764705882 0.1411764705882353 0.11764705882352941 0.07058823529411765 0.25882352941176473 0.011764705882352941 0.16470588235294117
활용 0.09090909090909091 0.0 0.18181818181818182 0.09090909090909091 0.2727272727272727 0.2727272727272727 0.09090909090909091
어야 0.29347229840921557 0.044980800877674164 0.19528250137136588 0.151947339550192 0.14317059791552386 0.03236423477783873 0.1387822270981898
되 0.23801169590643276 0.10058479532163743 0.11871345029239766 0.15555555555555556 0.1476608187134503 0.1 0.1394736842105263
괜찮 0.4316546762589928 0.050359712230215826 0.05755395683453238 0.2014388489208633 0.1223021582733813 0.09352517985611511 0.04316546762589928
분 0.18689788053949905 0.15028901734104047 0.06165703275529865 0.17533718689788053 0.09633911368015415 0.26011560693641617 0.06936416184971098
같 0.19579579579579579 0.11411411411411411 0.13393393393393394 0.17777777777777778 0.12612612612612611 0.12012012012012012 0.13213213213213212
괜히 0.3088235294117647 0.058823529411764705 0.058823529411764705 0.2647058823529412 0.10294117647058823 0.11764705882352941 0.08823529411764706
조급하 1.0 0.0 0.0 0.0 0.0 0.0 0.0
어 0.13663680689420568 0.1056809162036512 0.17450958158521374 0.14548134709150698 0.10363986846581245 0.1609025966662887 0.17314888309332124
네요 0.20930232558139536 0.10648714810281518 0.038555691554467565 0.3482252141982864 0.044063647490820076 0.21664626682986537 0.03671970624235006
ㅜ 0.24735729386892177 0.048625792811839326 0.016913319238900635 0.5243128964059197 0.019027484143763214 0.10570824524312897 0.03805496828752643
저 0.28154205607476634 0.1022196261682243 0.07827102803738317 0.31133177570093457 0.053154205607476634 0.10397196261682243 0.06950934579439252
스타일 0.2 0.2 0.05 0.1 0.05 0.4 0.0
을 0.12833876221498372 0.11096634093376764 0.18566775244299674 0.1435396308360478 0.12725298588490772 0.13355048859934854 0.17068403908794788
바꾸 0.1282051282051282 0.1282051282051282 0.2222222222222222 0.05982905982905983 0.23076923076923078 0.05982905982905983 0.17094017094017094
면 0.22047805922226185 0.10881198715661791 0.12772029967891546 0.12700677845165895 0.17552622190510167 0.07884409561184445 0.16161255797359972
더 0.16510538641686182 0.11826697892271663 0.1288056206088993 0.16159250585480095 0.14988290398126464 0.13817330210772832 0.13817330210772832
어색 0.4166666666666667 0.0 0.0 0.3333333333333333 0.08333333333333333 0.08333333333333333 0.08333333333333333
게 0.19484645252382632 0.12530885986586657 0.12319096364278151 0.16166607836216026 0.09001058948111543 0.1694316978468055 0.1355453582774444
만 0.12206332992849847 0.14555669050051073 0.15321756894790603 0.15270684371807966 0.13840653728294178 0.09703779366700716 0.19101123595505617
변하 0.2391304347826087 0.21739130434782608 0.08695652173913043 0.15217391304347827 0.06521739130434782 0.08695652173913043 0.15217391304347827
아내 0.42857142857142855 0.14285714285714285 0.14285714285714285 0.07142857142857142 0.0 0.14285714285714285 0.07142857142857142
으면 0.13023255813953488 0.08217054263565891 0.2124031007751938 0.12713178294573643 0.19534883720930232 0.08217054263565891 0.17054263565891473
여자 0.21132075471698114 0.17735849056603772 0.12264150943396226 0.1830188679245283 0.08679245283018867 0.0509433962264151 0.16792452830188678
술집 0.375 0.125 0.0 0.0 0.125 0.0 0.375
법 0.055 0.085 0.36 0.065 0.125 0.055 0.255
적 0.13279132791327913 0.16802168021680217 0.15447154471544716 0.11653116531165311 0.16124661246612465 0.12601626016260162 0.14092140921409213
문제 0.2638888888888889 0.08680555555555555 0.1527777777777778 0.13541666666666666 0.1284722222222222 0.003472222222222222 0.22916666666666666
한 0.11771700356718193 0.11771700356718193 0.1450653983353151 0.18192627824019025 0.14625445897740785 0.13436385255648037 0.15695600475624258
소리 0.09913793103448276 0.1810344827586207 0.22413793103448276 0.09051724137931035 0.11206896551724138 0.04310344827586207 0.25
듣 0.1606425702811245 0.13253012048192772 0.12048192771084337 0.14859437751004015 0.060240963855421686 0.20080321285140562 0.17670682730923695
을지 0.5555555555555556 0.037037037037037035 0.018518518518518517 0.18518518518518517 0.09259259259259259 0.0 0.1111111111111111
돕 0.21428571428571427 0.023809523809523808 0.16666666666666666 0.11904761904761904 0.14285714285714285 0.23809523809523808 0.09523809523809523
주 0.11616161616161616 0.06414141414141414 0.12272727272727273 0.13333333333333333 0.11818181818181818 0.31313131313131315 0.13232323232323231
세 0.07894736842105263 0.18947368421052632 0.16842105263157894 0.09473684210526316 0.18421052631578946 0.1368421052631579 0.14736842105263157
도와주 0.25 0.03125 0.125 0.3125 0.09375 0.125 0.0625
없 0.1472790813779331 0.10833749375936096 0.1582626060908637 0.19970044932601097 0.14028956565152273 0.0509236145781328 0.19520718921617575
잡다 0.5 0.0 0.0 0.0 0.5 0.0 0.0
ᆫ 0.12914123801220576 0.1487576285963383 0.14908456843940715 0.12772449869224062 0.13513513513513514 0.14461639058413253 0.16554054054054054
말 0.1232638888888889 0.0954861111111111 0.2193287037037037 0.13773148148148148 0.12037037037037036 0.06712962962962964 0.23668981481481483
고 0.14530570478383217 0.08710667689946278 0.16666666666666666 0.19583013558454848 0.10603734970580711 0.14696853415195701 0.15208493220772576
학업 0.6666666666666666 0.0 0.0 0.3333333333333333 0.0 0.0 0.0
에 0.14656632173095013 0.13998118532455314 0.15183443085606774 0.13490122295390405 0.1369708372530574 0.13019755409219191 0.15954844778927563
관련 0.18604651162790697 0.16279069767441862 0.18604651162790697 0.023255813953488372 0.20930232558139536 0.0 0.23255813953488372
은가 0.48 0.08 0.12 0.08 0.08 0.0 0.16
가격 0.058823529411764705 0.17647058823529413 0.20588235294117646 0.058823529411764705 0.25 0.04411764705882353 0.20588235294117646
반값 0.3333333333333333 0.0 0.0 0.3333333333333333 0.3333333333333333 0.0 0.0
질 0.1044776119402985 0.07462686567164178 0.30597014925373134 0.06716417910447761 0.1044776119402985 0.04477611940298507 0.29850746268656714
다른 0.19572953736654805 0.13523131672597866 0.099644128113879 0.21708185053380782 0.15302491103202848 0.08896797153024912 0.1103202846975089
ᆫ가요 0.42718446601941745 0.2961165048543689 0.04854368932038835 0.10194174757281553 0.07766990291262135 0.014563106796116505 0.03398058252427184
마지막 0.08333333333333333 0.17708333333333334 0.07291666666666667 0.19791666666666666 0.15625 0.2604166666666667 0.052083333333333336
말씀 0.3958333333333333 0.041666666666666664 0.041666666666666664 0.16666666666666666 0.0625 0.2708333333333333 0.020833333333333332
드리 0.10784313725490197 0.00980392156862745 0.013071895424836602 0.07516339869281045 0.016339869281045753 0.761437908496732 0.016339869281045753
던 0.09161793372319688 0.17153996101364521 0.0935672514619883 0.17348927875243664 0.13255360623781676 0.17153996101364521 0.16569200779727095
대로 0.1 0.05555555555555555 0.2111111111111111 0.1111111111111111 0.23333333333333334 0.03333333333333333 0.25555555555555554
글 0.24285714285714285 0.1380952380952381 0.07142857142857142 0.22857142857142856 0.05238095238095238 0.1619047619047619 0.10476190476190476
이제 0.14175654853620956 0.07858243451463791 0.13097072419106318 0.2033898305084746 0.1510015408320493 0.10785824345146379 0.1864406779661017
내리 0.17543859649122806 0.10526315789473684 0.2631578947368421 0.043859649122807015 0.14912280701754385 0.10526315789473684 0.15789473684210525
의도 0.26666666666666666 0.06666666666666667 0.13333333333333333 0.06666666666666667 0.13333333333333333 0.13333333333333333 0.2
않 0.17483296213808464 0.1291759465478842 0.133630289532294 0.16592427616926503 0.14142538975501115 0.09910913140311804 0.155902004454343
실시간 0.08333333333333333 0.25 0.16666666666666666 0.0 0.0 0.16666666666666666 0.3333333333333333
베스트 0.25 0.125 0.125 0.125 0.125 0.25 0.0
올라가 0.2857142857142857 0.2571428571428571 0.05714285714285714 0.17142857142857143 0.14285714285714285 0.05714285714285714 0.02857142857142857
남친 0.28865979381443296 0.16494845360824742 0.020618556701030927 0.4020618556701031 0.010309278350515464 0.041237113402061855 0.07216494845360824
어서요 0.4838709677419355 0.06451612903225806 0.0 0.45161290322580644 0.0 0.0 0.0
화장품 0.5 0.25 0.0 0.25 0.0 0.0 0.0
회사 0.3493150684931507 0.13013698630136986 0.11643835616438356 0.14383561643835616 0.0958904109589041 0.04794520547945205 0.11643835616438356
니 0.09156844968268359 0.11695376246600181 0.21668177697189483 0.11423390752493201 0.10607434270172257 0.10607434270172257 0.2484134179510426
젊 0.14285714285714285 0.2 0.17142857142857143 0.08571428571428572 0.2 0.11428571428571428 0.08571428571428572
들 0.07877145438121048 0.0939476061427281 0.2516711833785005 0.1017163504968383 0.1002710027100271 0.1069557362240289 0.26666666666666666
많 0.13107511045655376 0.16936671575846834 0.0780559646539028 0.15316642120765833 0.11782032400589101 0.18262150220913106 0.16789396170839468
은데 0.2857142857142857 0.1292517006802721 0.049886621315192746 0.23809523809523808 0.14058956916099774 0.06575963718820861 0.09070294784580499
걱정 0.6515151515151515 0.021212121212121213 0.021212121212121213 0.16363636363636364 0.051515151515151514 0.030303030303030304 0.06060606060606061
몸무게 0.46153846153846156 0.0 0.07692307692307693 0.38461538461538464 0.0 0.07692307692307693 0.0
1 0.13848920863309352 0.18884892086330934 0.10611510791366907 0.12589928057553956 0.16546762589928057 0.17086330935251798 0.10431654676258993
키로 0.37037037037037035 0.14814814814814814 0.0 0.4074074074074074 0.037037037037037035 0.037037037037037035 0.0
찌 0.21818181818181817 0.16363636363636364 0.09090909090909091 0.2909090909090909 0.07272727272727272 0.09090909090909091 0.07272727272727272
아니 0.16701902748414377 0.22938689217758984 0.1511627906976744 0.08562367864693446 0.15274841437632136 0.04756871035940803 0.16649048625792812
o 0.2 0.0 0.4 0.0 0.0 0.4 0.0
자 0.08345120226308345 0.06930693069306931 0.26166902404526166 0.12022630834512023 0.18104667609618105 0.08486562942008487 0.19943422913719944
다리 0.29310344827586204 0.15517241379310345 0.08620689655172414 0.25862068965517243 0.06896551724137931 0.05172413793103448 0.08620689655172414
많이 0.24721189591078066 0.12639405204460966 0.05018587360594796 0.24349442379182157 0.09851301115241635 0.14869888475836432 0.08550185873605948
심하 0.30927835051546393 0.13402061855670103 0.09278350515463918 0.23711340206185566 0.10309278350515463 0.030927835051546393 0.09278350515463918
낫 0.24369747899159663 0.05042016806722689 0.07563025210084033 0.15966386554621848 0.2857142857142857 0.11764705882352941 0.06722689075630252
을까요 0.7072243346007605 0.045627376425855515 0.015209125475285171 0.20152091254752852 0.015209125475285171 0.011406844106463879 0.0038022813688212928
그 0.11614401858304298 0.13821138211382114 0.16376306620209058 0.16957026713124274 0.11033681765389082 0.11962833914053426 0.18234610917537747
정도 0.21148825065274152 0.185378590078329 0.08616187989556136 0.195822454308094 0.12532637075718014 0.0783289817232376 0.1174934725848564
로 0.12896825396825398 0.14285714285714285 0.19444444444444445 0.09722222222222222 0.14814814814814814 0.10383597883597884 0.18452380952380953
더럽 0.047058823529411764 0.011764705882352941 0.43529411764705883 0.07058823529411765 0.03529411764705882 0.023529411764705882 0.3764705882352941
보통 0.23076923076923078 0.3076923076923077 0.02564102564102564 0.15384615384615385 0.1794871794871795 0.07692307692307693 0.02564102564102564
가지 0.11386138613861387 0.10396039603960396 0.17326732673267325 0.12376237623762376 0.10891089108910891 0.13861386138613863 0.2376237623762376
통 0.1388888888888889 0.25 0.1388888888888889 0.1111111111111111 0.05555555555555555 0.16666666666666666 0.1388888888888889
이렇 0.18240343347639484 0.2167381974248927 0.1072961373390558 0.19313304721030042 0.07939914163090128 0.10515021459227468 0.11587982832618025
오래가 0.6666666666666666 0.0 0.0 0.0 0.3333333333333333 0.0 0.0
술 0.2159090909090909 0.13636363636363635 0.09090909090909091 0.17045454545454544 0.11363636363636363 0.06818181818181818 0.20454545454545456
취하 0.11764705882352941 0.058823529411764705 0.29411764705882354 0.058823529411764705 0.17647058823529413 0.11764705882352941 0.17647058823529413
먼저 0.16161616161616163 0.1111111111111111 0.18181818181818182 0.24242424242424243 0.1111111111111111 0.04040404040404041 0.15151515151515152
전화 0.3793103448275862 0.15517241379310345 0.0603448275862069 0.29310344827586204 0.02586206896551724 0.02586206896551724 0.0603448275862069
짜증 0.05 0.125 0.35 0.1 0.025 0.075 0.275
크 0.17771084337349397 0.21686746987951808 0.07228915662650602 0.13855421686746988 0.13253012048192772 0.14759036144578314 0.1144578313253012
ᆸ니다 0.1021820117083555 0.030867482703565728 0.06546035125066525 0.1804151144225652 0.08728046833422033 0.49387972325705165 0.03991484832357637
무슨 0.1848184818481848 0.2706270627062706 0.20462046204620463 0.06930693069306931 0.0594059405940594 0.0165016501650165 0.19471947194719472
증상 0.625 0.041666666666666664 0.041666666666666664 0.20833333333333334 0.041666666666666664 0.0 0.041666666666666664
다르 0.1267605633802817 0.2112676056338028 0.07746478873239436 0.14084507042253522 0.2112676056338028 0.1056338028169014 0.1267605633802817
ᆷ 0.1351010101010101 0.18686868686868688 0.11868686868686869 0.08775252525252525 0.16856060606060605 0.15025252525252525 0.1527777777777778
라 0.15212765957446808 0.09787234042553192 0.24361702127659574 0.10425531914893617 0.13191489361702127 0.07340425531914893 0.19680851063829788
아무래도 0.5454545454545454 0.0 0.0 0.2727272727272727 0.18181818181818182 0.0 0.0
무리 0.3333333333333333 0.1 0.03333333333333333 0.16666666666666666 0.16666666666666666 0.06666666666666667 0.13333333333333333
애인 0.2 0.13333333333333333 0.06666666666666667 0.4 0.0 0.13333333333333333 0.06666666666666667
으로써 0.13333333333333333 0.0 0.3333333333333333 0.13333333333333333 0.0 0.26666666666666666 0.13333333333333333
정말 0.11771561771561771 0.12004662004662005 0.08974358974358974 0.22377622377622378 0.029137529137529136 0.3333333333333333 0.08624708624708624
이러 0.35467980295566504 0.10344827586206896 0.10344827586206896 0.1724137931034483 0.06896551724137931 0.059113300492610835 0.13793103448275862
전 0.16702819956616052 0.13665943600867678 0.13232104121475055 0.21691973969631237 0.1475054229934924 0.10412147505422993 0.09544468546637744
나오 0.12662721893491125 0.2 0.13372781065088757 0.10532544378698225 0.1455621301775148 0.11005917159763313 0.178698224852071
모르 0.32956152758132956 0.13578500707213578 0.09193776520509193 0.15417256011315417 0.09900990099009901 0.04809052333804809 0.14144271570014144
경고 0.5 0.0 0.25 0.0 0.0 0.25 0.0
을까 0.3220338983050847 0.1059322033898305 0.1228813559322034 0.15254237288135594 0.13559322033898305 0.05084745762711865 0.11016949152542373
고민 0.5067567567567568 0.02027027027027027 0.013513513513513514 0.42905405405405406 0.016891891891891893 0.010135135135135136 0.0033783783783783786
극도 0.6666666666666666 0.0 0.0 0.3333333333333333 0.0 0.0 0.0
예민하 0.3333333333333333 0.0 0.0 0.3333333333333333 0.0 0.0 0.3333333333333333
상태 0.3125 0.16666666666666666 0.08333333333333333 0.25 0.041666666666666664 0.041666666666666664 0.10416666666666667
에요 0.2331288343558282 0.15337423312883436 0.03067484662576687 0.26380368098159507 0.06748466257668712 0.2147239263803681 0.03680981595092025
못 0.1571969696969697 0.09564393939393939 0.16761363636363635 0.24053030303030304 0.09943181818181818 0.04450757575757576 0.19507575757575757
받 0.13118527042577677 0.09436133486766399 0.22209436133486765 0.13003452243958574 0.14039125431530494 0.1093210586881473 0.17261219792865362
어떡하 0.7 0.025 0.0 0.2625 0.0 0.0125 0.0
안검하수 1.0 0.0 0.0 0.0 0.0 0.0 0.0
어울리 0.046875 0.109375 0.046875 0.078125 0.140625 0.421875 0.15625
ᆯ까요 0.667420814479638 0.042986425339366516 0.011312217194570135 0.2330316742081448 0.027149321266968326 0.00904977375565611 0.00904977375565611
그것 0.12949640287769784 0.23741007194244604 0.1366906474820144 0.17266187050359713 0.11510791366906475 0.07194244604316546 0.1366906474820144
사마귀 1.0 0.0 0.0 0.0 0.0 0.0 0.0
일수 0.5 0.0 0.25 0.0 0.0 0.0 0.25
데요 0.2222222222222222 0.1111111111111111 0.0 0.5555555555555556 0.0 0.0 0.1111111111111111
곧 0.323943661971831 0.07042253521126761 0.08450704225352113 0.18309859154929578 0.08450704225352113 0.14084507042253522 0.11267605633802817
내년 0.1625 0.0875 0.0625 0.0875 0.25 0.2625 0.0875
2 0.17158176943699732 0.19302949061662197 0.08042895442359249 0.16890080428954424 0.1554959785522788 0.14745308310991956 0.08310991957104558
살 0.1320754716981132 0.1733490566037736 0.11556603773584906 0.21580188679245282 0.12382075471698113 0.08608490566037735 0.15330188679245282
여대 0.6666666666666666 0.3333333333333333 0.0 0.0 0.0 0.0 0.0
생 0.12727272727272726 0.21818181818181817 0.17272727272727273 0.12727272727272726 0.1 0.11818181818181818 0.13636363636363635
요즘 0.16595744680851063 0.13191489361702127 0.04680851063829787 0.24680851063829787 0.13191489361702127 0.1829787234042553 0.09361702127659574
는데요 0.23529411764705882 0.11764705882352941 0.0 0.47058823529411764 0.0 0.17647058823529413 0.0
자제 0.3333333333333333 0.0 0.0 0.3333333333333333 0.16666666666666666 0.0 0.16666666666666666
방법 0.4105263157894737 0.10526315789473684 0.05263157894736842 0.17894736842105263 0.08421052631578947 0.07368421052631578 0.09473684210526316
집 0.21454545454545454 0.11636363636363636 0.07272727272727272 0.19272727272727272 0.18181818181818182 0.10545454545454545 0.11636363636363636
오 0.1833616298811545 0.16808149405772496 0.1264855687606112 0.16383701188455008 0.11799660441426146 0.1298811544991511 0.11035653650254669
또 0.17906976744186046 0.14186046511627906 0.17209302325581396 0.12093023255813953 0.09767441860465116 0.13023255813953488 0.15813953488372093
운동 0.3252032520325203 0.0975609756097561 0.08130081300813008 0.22764227642276422 0.11382113821138211 0.06504065040650407 0.08943089430894309
기 0.18147448015122875 0.09325771896660366 0.12224322621298046 0.1720226843100189 0.12539382482671707 0.14744801512287334 0.1581600504095778
지나 0.23853211009174313 0.11926605504587157 0.10091743119266056 0.27522935779816515 0.05504587155963303 0.11009174311926606 0.10091743119266056
3 0.19889502762430938 0.1878453038674033 0.09392265193370165 0.17955801104972377 0.14917127071823205 0.09668508287292818 0.09392265193370165
노력 0.125 0.041666666666666664 0.013888888888888888 0.2222222222222222 0.06944444444444445 0.4722222222222222 0.05555555555555555
물거품 0.2 0.0 0.2 0.4 0.0 0.0 0.2
옳 0.25 0.0 0.08333333333333333 0.08333333333333333 0.125 0.20833333333333334 0.25
선택 0.225 0.1 0.1 0.15 0.225 0.15 0.05
ᆫ지 0.2723404255319149 0.15106382978723404 0.13191489361702127 0.14468085106382977 0.09787234042553192 0.05106382978723404 0.15106382978723404
8 0.14 0.15 0.1 0.17 0.25 0.1 0.09
월 0.3228346456692913 0.2047244094488189 0.023622047244094488 0.11023622047244094 0.13385826771653545 0.14960629921259844 0.05511811023622047
둘째 0.23529411764705882 0.17647058823529413 0.0 0.23529411764705882 0.11764705882352941 0.17647058823529413 0.058823529411764705
태어나 0.18055555555555555 0.05555555555555555 0.05555555555555555 0.1111111111111111 0.06944444444444445 0.4583333333333333 0.06944444444444445
마음 0.176 0.036 0.04 0.448 0.036 0.212 0.052
조급 0.6 0.2 0.0 0.0 0.0 0.2 0.0
엄마 0.18032786885245902 0.11475409836065574 0.08196721311475409 0.23770491803278687 0.07377049180327869 0.12295081967213115 0.1885245901639344
한테 0.15648854961832062 0.08969465648854962 0.1984732824427481 0.1965648854961832 0.10305343511450382 0.07442748091603053 0.18129770992366412
랑 0.14832535885167464 0.17703349282296652 0.13636363636363635 0.16267942583732056 0.13875598086124402 0.11244019138755981 0.12440191387559808
러 0.17985611510791366 0.09352517985611511 0.1223021582733813 0.12949640287769784 0.1366906474820144 0.19424460431654678 0.14388489208633093
ᆫ다 0.08516300731869594 0.0771789753825682 0.26746506986027946 0.07385229540918163 0.17298735861610112 0.11909514304723885 0.2042581503659348
들키 0.5714285714285714 0.14285714285714285 0.0 0.14285714285714285 0.14285714285714285 0.0 0.0
구글 0.13636363636363635 0.18181818181818182 0.045454545454545456 0.09090909090909091 0.13636363636363635 0.09090909090909091 0.3181818181818182
폰 0.11333333333333333 0.14666666666666667 0.16 0.05333333333333334 0.23333333333333334 0.05333333333333334 0.24
계정 0.6 0.2 0.2 0.0 0.0 0.0 0.0
동기화 1.0 0.0 0.0 0.0 0.0 0.0 0.0
를 0.14211663066954644 0.11144708423326134 0.20259179265658747 0.12699784017278617 0.1205183585313175 0.1473002159827214 0.1490280777537797
어쩌 0.3076923076923077 0.06993006993006994 0.16783216783216784 0.22377622377622378 0.055944055944055944 0.03496503496503497 0.13986013986013987
/ 0.21951219512195122 0.12195121951219512 0.024390243902439025 0.04878048780487805 0.024390243902439025 0.34146341463414637 0.21951219512195122
빼 0.18072289156626506 0.12048192771084337 0.14457831325301204 0.2469879518072289 0.12650602409638553 0.05421686746987952 0.12650602409638553
물 0.09090909090909091 0.13636363636363635 0.14545454545454545 0.12727272727272726 0.18181818181818182 0.06363636363636363 0.2545454545454545
그렇 0.19575856443719414 0.16476345840130505 0.10766721044045677 0.18760195758564438 0.10114192495921696 0.08809135399673736 0.15497553017944535
?. 0.30952380952380953 0.34523809523809523 0.05952380952380952 0.08333333333333333 0.10714285714285714 0.011904761904761904 0.08333333333333333
찾아가 0.6153846153846154 0.07692307692307693 0.07692307692307693 0.23076923076923078 0.0 0.0 0.0
깊이 0.4 0.0 0.0 0.2 0.0 0.2 0.2
들어가 0.2158273381294964 0.19424460431654678 0.15827338129496402 0.1079136690647482 0.11510791366906475 0.06474820143884892 0.14388489208633093
아 0.1111111111111111 0.07615480649188515 0.27715355805243447 0.15106117353308365 0.05867665418227216 0.11610486891385768 0.20973782771535582
어디 0.18769230769230769 0.1753846153846154 0.17846153846153845 0.08307692307692308 0.14153846153846153 0.05846153846153846 0.1753846153846154
다가 0.2831168831168831 0.13506493506493505 0.11168831168831168 0.23636363636363636 0.06493506493506493 0.08311688311688312 0.08571428571428572
짱 0.02631578947368421 0.07894736842105263 0.09649122807017543 0.008771929824561403 0.08771929824561403 0.5087719298245614 0.19298245614035087
박 0.024390243902439025 0.18118466898954705 0.23693379790940766 0.03484320557491289 0.10452961672473868 0.17770034843205576 0.24041811846689895
첫날 0.09090909090909091 0.18181818181818182 0.18181818181818182 0.18181818181818182 0.0 0.09090909090909091 0.2727272727272727
왠지 0.4666666666666667 0.044444444444444446 0.0 0.15555555555555556 0.13333333333333333 0.08888888888888889 0.1111111111111111
아싸리 1.0 0.0 0.0 0.0 0.0 0.0 0.0
아싸 0.5 0.0 0.0 0.0 0.0 0.5 0.0
꺼 0.16022099447513813 0.06629834254143646 0.16574585635359115 0.16022099447513813 0.15469613259668508 0.06077348066298342 0.23204419889502761
기분 0.12962962962962962 0.06481481481481481 0.06481481481481481 0.25 0.037037037037037035 0.3611111111111111 0.09259259259259259
딱 0.07092198581560284 0.1276595744680851 0.19148936170212766 0.09219858156028368 0.15602836879432624 0.11347517730496454 0.24822695035460993
뒤 0.23529411764705882 0.11764705882352941 0.17647058823529413 0.0784313725490196 0.1568627450980392 0.13725490196078433 0.09803921568627451
군대 0.2318840579710145 0.10144927536231885 0.15942028985507245 0.26811594202898553 0.07971014492753623 0.043478260869565216 0.11594202898550725
ᆯ지 0.5784313725490197 0.029411764705882353 0.042483660130718956 0.20261437908496732 0.0718954248366013 0.013071895424836602 0.06209150326797386
검색 0.13636363636363635 0.45454545454545453 0.045454545454545456 0.13636363636363635 0.09090909090909091 0.09090909090909091 0.045454545454545456
니까 0.18072289156626506 0.14759036144578314 0.12048192771084337 0.1566265060240964 0.10843373493975904 0.10542168674698796 0.18072289156626506
행동 0.16071428571428573 0.17857142857142858 0.125 0.17857142857142858 0.07142857142857142 0.14285714285714285 0.14285714285714285
발달 0.6666666666666666 0.0 0.3333333333333333 0.0 0.0 0.0 0.0
장애 0.3 0.1 0.3 0.1 0.1 0.0 0.1
가져오 0.16666666666666666 0.3333333333333333 0.08333333333333333 0.0 0.4166666666666667 0.0 0.0
다는데 0.18181818181818182 0.2727272727272727 0.22727272727272727 0.06818181818181818 0.022727272727272728 0.0 0.22727272727272727
이것 0.14606741573033707 0.2640449438202247 0.21629213483146068 0.07865168539325842 0.08707865168539326 0.03651685393258427 0.17134831460674158
~ 0.043909348441926344 0.10717658168083097 0.11473087818696884 0.042020774315391876 0.11520302171860246 0.4131255901794145 0.16383380547686496
어떻 0.4559068219633943 0.15973377703826955 0.04492512479201331 0.17637271214642264 0.0632279534109817 0.018302828618968387 0.08153078202995008
혼자 0.17518248175182483 0.0948905109489051 0.051094890510948905 0.3357664233576642 0.0948905109489051 0.08759124087591241 0.16058394160583941
웃 0.052083333333333336 0.07291666666666667 0.14583333333333334 0.13541666666666666 0.08333333333333333 0.4375 0.07291666666666667
울 0.050724637681159424 0.12318840579710146 0.06521739130434782 0.36231884057971014 0.08695652173913043 0.2463768115942029 0.06521739130434782
조울증 0.5 0.0 0.0 0.5 0.0 0.0 0.0
싶 0.14577656675749318 0.05858310626702997 0.18256130790190736 0.3583106267029973 0.06267029972752043 0.11171662125340599 0.08038147138964577
두 0.13636363636363635 0.11647727272727272 0.16477272727272727 0.14204545454545456 0.11647727272727272 0.16761363636363635 0.15625
어여 0.12 0.12 0.02 0.22 0.04 0.42 0.06
월욜 0.5 0.0 0.0 0.5 0.0 0.0 0.0
날 0.18828451882845187 0.12133891213389121 0.12133891213389121 0.1589958158995816 0.10460251046025104 0.2175732217573222 0.08786610878661087
연락 0.3386243386243386 0.1111111111111111 0.042328042328042326 0.43915343915343913 0.010582010582010581 0.026455026455026454 0.031746031746031744
지금 0.1958762886597938 0.12886597938144329 0.12027491408934708 0.25773195876288657 0.09450171821305842 0.11855670103092783 0.08419243986254296
미치 0.07038123167155426 0.18181818181818182 0.2932551319648094 0.20527859237536658 0.017595307917888565 0.026392961876832845 0.20527859237536658
오늘 0.13392857142857142 0.11830357142857142 0.05357142857142857 0.203125 0.07589285714285714 0.36607142857142855 0.049107142857142856
15 0.10256410256410256 0.3333333333333333 0.05128205128205128 0.1282051282051282 0.1282051282051282 0.15384615384615385 0.10256410256410256
늦 0.39344262295081966 0.11475409836065574 0.03278688524590164 0.14754098360655737 0.06557377049180328 0.13114754098360656 0.11475409836065574
은디 0.25 0.25 0.0 0.25 0.25 0.0 0.0
사진 0.13812154696132597 0.26519337016574585 0.04419889502762431 0.11049723756906077 0.16574585635359115 0.13812154696132597 0.13812154696132597
예요 0.1774193548387097 0.1935483870967742 0.0 0.1935483870967742 0.04838709677419355 0.3870967741935484 0.0
전달 0.18181818181818182 0.09090909090909091 0.0 0.18181818181818182 0.36363636363636365 0.18181818181818182 0.0
퇴근 0.25806451612903225 0.16129032258064516 0.12903225806451613 0.25806451612903225 0.06451612903225806 0.06451612903225806 0.06451612903225806
20 0.12290502793296089 0.35195530726256985 0.0670391061452514 0.08379888268156424 0.2122905027932961 0.0670391061452514 0.09497206703910614
넘 0.09210526315789473 0.10526315789473684 0.10789473684210527 0.15 0.09210526315789473 0.32105263157894737 0.13157894736842105
근육 0.3888888888888889 0.2222222222222222 0.05555555555555555 0.2222222222222222 0.05555555555555555 0.05555555555555555 0.0
붙 0.14893617021276595 0.1276595744680851 0.1276595744680851 0.14893617021276595 0.2553191489361702 0.10638297872340426 0.0851063829787234
잘 0.1245674740484429 0.09083044982698962 0.0726643598615917 0.14100346020761245 0.12110726643598616 0.35726643598615915 0.092560553633218
어깨 0.18181818181818182 0.09090909090909091 0.045454545454545456 0.4090909090909091 0.18181818181818182 0.045454545454545456 0.045454545454545456
때문 0.12654320987654322 0.06481481481481481 0.19753086419753085 0.24382716049382716 0.11728395061728394 0.04938271604938271 0.2006172839506173
서 0.1643835616438356 0.15753424657534246 0.13470319634703196 0.14383561643835616 0.1232876712328767 0.1141552511415525 0.16210045662100456
잠 0.19480519480519481 0.06493506493506493 0.1038961038961039 0.4025974025974026 0.09090909090909091 0.06493506493506493 0.07792207792207792
! 0.018421052631578946 0.09887218045112782 0.27631578947368424 0.022556390977443608 0.06691729323308271 0.4116541353383459 0.10526315789473684
예정일 1.0 0.0 0.0 0.0 0.0 0.0 0.0
보름 0.2222222222222222 0.4444444444444444 0.1111111111111111 0.2222222222222222 0.0 0.0 0.0
이나 0.10106382978723404 0.13829787234042554 0.2579787234042553 0.061170212765957445 0.1356382978723404 0.06648936170212766 0.2393617021276596
어도 0.16682554814108674 0.12202097235462345 0.14394661582459486 0.16587225929456625 0.13727359389895138 0.09818875119161107 0.16587225929456625
생리 0.8095238095238095 0.09523809523809523 0.0 0.07142857142857142 0.0 0.0 0.023809523809523808
시험 0.3191489361702128 0.0851063829787234 0.02127659574468085 0.2553191489361702 0.1276595744680851 0.06382978723404255 0.1276595744680851
5 0.12745098039215685 0.25980392156862747 0.10294117647058823 0.12745098039215685 0.18137254901960784 0.10294117647058823 0.09803921568627451
과목 0.75 0.25 0.0 0.0 0.0 0.0 0.0
개 0.04701627486437613 0.10307414104882459 0.3309222423146474 0.0650994575045208 0.08860759493670886 0.0759493670886076 0.28933092224231466
끝내 0.12 0.12 0.16 0.2 0.12 0.08 0.2
